0:1 -1 
1:1 -2147483137 -2147483138 -2147483139 -2147483140 -2147483141 -2147483142 -2147483143 -2147483144 -2147483145 -2147483146 -2147483147 -2147483148 -2147483149 -2147483150 -2147483151 -2147483152 -2147483153 -2147483154 -2147483155 -2147483156 -2147483157 -2147483158 -2147483159 -2147483160 -2147483161 -2147483162 -2147483163 -2147483164 -2147483165 -2147483166 -2147483167 -2147483168
2:1 -2147483169 -2147483170 -2147483171 -2147483172 -2147483173 -2147483174 -2147483175 -2147483176 -2147483177 -2147483178 -2147483179 -2147483180 -2147483181 -2147483182 -2147483183 -2147483184 -2147483185 -2147483186 -2147483187 -2147483188 -2147483189 -2147483190 -2147483191 -2147483192 -2147483193 -2147483194 -2147483195 -2147483196 -2147483197 -2147483198 -2147483199 -2147483200
3:1 -2147483201 -2147483202 -2147483203 -2147483204 -2147483205 -2147483206 -2147483207 -2147483208 -2147483209 -2147483210 -2147483211 -2147483212 -2147483213 -2147483214 -2147483215 -2147483216 -2147483217 -2147483218 -2147483219 -2147483220 -2147483221 -2147483222 -2147483223 -2147483224 -2147483225 -2147483226 -2147483227 -2147483228 -2147483229 -2147483230 -2147483231 -2147483232
4:1 -2147483265 -2147483266 -2147483267 -2147483268 -2147483269 -2147483270 -2147483271 -2147483272 -2147483273 -2147483274 -2147483275 -2147483276 -2147483277 -2147483278 -2147483279 -2147483280 -2147483281 -2147483282 -2147483283 -2147483284 -2147483285 -2147483286 -2147483287 -2147483288 -2147483289 -2147483290 -2147483291 -2147483292 -2147483293 -2147483294 -2147483295 -2147483296
5:1 -2147483297 -2147483298 -2147483299 -2147483300 -2147483301 -2147483302 -2147483303 -2147483304 -2147483305 -2147483306 -2147483307 -2147483308 -2147483309 -2147483310 -2147483311 -2147483312 -2147483313 -2147483314 -2147483315 -2147483316 -2147483317 -2147483318 -2147483319 -2147483320 -2147483321 -2147483322 -2147483323 -2147483324 -2147483325 -2147483326 -2147483327 -2147483328
6:1 -2147483329 -2147483330 -2147483331 -2147483332 -2147483333 -2147483334 -2147483335 -2147483336 -2147483337 -2147483338 -2147483339 -2147483340 -2147483341 -2147483342 -2147483343 -2147483344 -2147483345 -2147483346 -2147483347 -2147483348 -2147483349 -2147483350 -2147483351 -2147483352 -2147483353 -2147483354 -2147483355 -2147483356 -2147483357 -2147483358 -2147483359 -2147483360
7:1 -2147483361 -2147483362 -2147483363 -2147483364 -2147483365 -2147483366 -2147483367 -2147483368 -2147483369 -2147483370 -2147483371 -2147483372 -2147483373 -2147483374 -2147483375 -2147483376 -2147483377 -2147483378 -2147483379 -2147483380 -2147483381 -2147483382 -2147483383 -2147483384 -2147483385 -2147483386 -2147483387 -2147483388 -2147483389 -2147483390 -2147483391 -2147483392
8:1 -2147482529 -2147482530 -2147482531 -2147482532 -2147482533 -2147482534 -2147482535 -2147482536 -2147482537 -2147482538 -2147482539 -2147482540 -2147482541 -2147482542 -2147482543 -2147482544 -2147482545 -2147482546 -2147482547 -2147482548 -2147482549 -2147482550 -2147482551 -2147482552 -2147482553 -2147482554 -2147482555 -2147482556 -2147482557 -2147482558 -2147482559 -2147482560 12110 12111 12113 12114 12131
9:1 -2147483457 -2147483458 -2147483459 -2147483460 -2147483461 -2147483462 -2147483463 -2147483464 -2147483465 -2147483466 -2147483467 -2147483468 -2147483469 -2147483470 -2147483471 -2147483472 -2147483473 -2147483474 -2147483475 -2147483476 -2147483477 -2147483478 -2147483479 -2147483480 -2147483481 -2147483482 -2147483483 -2147483484 -2147483485 -2147483486 -2147483487 -2147483488
10:1 -2147483489 -2147483490 -2147483491 -2147483492 -2147483493 -2147483494 -2147483495 -2147483496 -2147483497 -2147483498 -2147483499 -2147483500 -2147483501 -2147483502 -2147483503 -2147483504 -2147483505 -2147483506 -2147483507 -2147483508 -2147483509 -2147483510 -2147483511 -2147483512 -2147483513 -2147483514 -2147483515 -2147483516 -2147483517 -2147483518 -2147483519 -2147483520
11:1 9572 9571 9570 9569 9567 9566 9565 9564 9563 9561 9559 9558 9557 9556
12:1 10250
13:1 -2147483521 -2147483522 -2147483523 -2147483524 -2147483525 -2147483526 -2147483527 -2147483528 -2147483529 -2147483530 -2147483531 -2147483532 -2147483533 -2147483534 -2147483535 -2147483536 -2147483537 -2147483538 -2147483539 -2147483540 -2147483541 -2147483542 -2147483543 -2147483544 -2147483545 -2147483546 -2147483547 -2147483548 -2147483549 -2147483550 -2147483551 -2147483552
14:1 -2147482401 -2147482402 -2147482403 -2147482404 -2147482405 -2147482406 -2147482407 -2147482408 -2147482409 -2147482410 -2147482411 -2147482412 -2147482413 -2147482414 -2147482415 -2147482416 -2147482417 -2147482418 -2147482419 -2147482420 -2147482421 -2147482422 -2147482423 -2147482424 -2147482425 -2147482426 -2147482427 -2147482428 -2147482429 -2147482430 -2147482431 -2147482432
15:1 -2147483553 -2147483554 -2147483555 -2147483556 -2147483557 -2147483558 -2147483559 -2147483560 -2147483561 -2147483562 -2147483563 -2147483564 -2147483565 -2147483566 -2147483567 -2147483568 -2147483569 -2147483570 -2147483571 -2147483572 -2147483573 -2147483574 -2147483575 -2147483576 -2147483577 -2147483578 -2147483579 -2147483580 -2147483581 -2147483582 -2147483583 -2147483584
16:1 4380
17:1 -2147483585 -2147483586 -2147483587 -2147483588 -2147483589 -2147483590 -2147483591 -2147483592 -2147483593 -2147483594 -2147483595 -2147483596 -2147483597 -2147483598 -2147483599 -2147483600 -2147483601 -2147483602 -2147483603 -2147483604 -2147483605 -2147483606 -2147483607 -2147483608 -2147483609 -2147483610 -2147483611 -2147483612 -2147483613 -2147483614 -2147483615 -2147483616
18:1 -2147483105 -2147483106 -2147483107 -2147483108 -2147483109 -2147483110 -2147483111 -2147483112 -2147483113 -2147483114 -2147483115 -2147483116 -2147483117 -2147483118 -2147483119 -2147483120 -2147483121 -2147483122 -2147483123 -2147483124 -2147483125 -2147483126 -2147483127 -2147483128 -2147483129 -2147483130 -2147483131 -2147483132 -2147483133 -2147483134 -2147483135 -2147483136
19:1 14849
20:1 -2147483073 -2147483074 -2147483075 -2147483076 -2147483077 -2147483078 -2147483079 -2147483080 -2147483081 -2147483082 -2147483083 -2147483084 -2147483085 -2147483086 -2147483087 -2147483088 -2147483089 -2147483090 -2147483091 -2147483092 -2147483093 -2147483094 -2147483095 -2147483096 -2147483097 -2147483098 -2147483099 -2147483100 -2147483101 -2147483102 -2147483103 -2147483104
21:1 -2147483009 -2147483010 -2147483011 -2147483012 -2147483013 -2147483014 -2147483015 -2147483016 -2147483017 -2147483018 -2147483019 -2147483020 -2147483021 -2147483022 -2147483023 -2147483024 -2147483025 -2147483026 -2147483027 -2147483028 -2147483029 -2147483030 -2147483031 -2147483032 -2147483033 -2147483034 -2147483035 -2147483036 -2147483037 -2147483038 -2147483039 -2147483040
22:1 -2147482433 -2147482434 -2147482435 -2147482436 -2147482437 -2147482438 -2147482439 -2147482440 -2147482441 -2147482442 -2147482443 -2147482444 -2147482445 -2147482446 -2147482447 -2147482448 -2147482449 -2147482450 -2147482451 -2147482452 -2147482453 -2147482454 -2147482455 -2147482456 -2147482457 -2147482458 -2147482459 -2147482460 -2147482461 -2147482462 -2147482463 -2147482464
23:1 -2147482465 -2147482466 -2147482467 -2147482468 -2147482469 -2147482470 -2147482471 -2147482472 -2147482473 -2147482474 -2147482475 -2147482476 -2147482477 -2147482478 -2147482479 -2147482480 -2147482481 -2147482482 -2147482483 -2147482484 -2147482485 -2147482486 -2147482487 -2147482488 -2147482489 -2147482490 -2147482491 -2147482492 -2147482493 -2147482494 -2147482495 -2147482496
24:1 -2147482497 -2147482498 -2147482499 -2147482500 -2147482501 -2147482502 -2147482503 -2147482504 -2147482505 -2147482506 -2147482507 -2147482508 -2147482509 -2147482510 -2147482511 -2147482512 -2147482513 -2147482514 -2147482515 -2147482516 -2147482517 -2147482518 -2147482519 -2147482520 -2147482521 -2147482522 -2147482523 -2147482524 -2147482525 -2147482526 -2147482527 -2147482528
25:1 -2147482561 -2147482562 -2147482563 -2147482564 -2147482565 -2147482566 -2147482567 -2147482568 -2147482569 -2147482570 -2147482571 -2147482572 -2147482573 -2147482574 -2147482575 -2147482576 -2147482577 -2147482578 -2147482579 -2147482580 -2147482581 -2147482582 -2147482583 -2147482584 -2147482585 -2147482586 -2147482587 -2147482588 -2147482589 -2147482590 -2147482591 -2147482592
26:1 -2147482593 -2147482594 -2147482595 -2147482596 -2147482597 -2147482598 -2147482599 -2147482600 -2147482601 -2147482602 -2147482603 -2147482604 -2147482605 -2147482606 -2147482607 -2147482608 -2147482609 -2147482610 -2147482611 -2147482612 -2147482613 -2147482614 -2147482615 -2147482616 -2147482617 -2147482618 -2147482619 -2147482620 -2147482621 -2147482622 -2147482623 -2147482624
27:1 -2147482625 -2147482626 -2147482627 -2147482628 -2147482629 -2147482630 -2147482631 -2147482632 -2147482633 -2147482634 -2147482635 -2147482636 -2147482637 -2147482638 -2147482639 -2147482640 -2147482641 -2147482642 -2147482643 -2147482644 -2147482645 -2147482646 -2147482647 -2147482648 -2147482649 -2147482650 -2147482651 -2147482652 -2147482653 -2147482654 -2147482655 -2147482656
28:1 -2147482657 -2147482658 -2147482659 -2147482660 -2147482661 -2147482662 -2147482663 -2147482664 -2147482665 -2147482666 -2147482667 -2147482668 -2147482669 -2147482670 -2147482671 -2147482672 -2147482673 -2147482674 -2147482675 -2147482676 -2147482677 -2147482678 -2147482679 -2147482680 -2147482681 -2147482682 -2147482683 -2147482684 -2147482685 -2147482686 -2147482687 -2147482688
29:1 -2147482689 -2147482690 -2147482691 -2147482692 -2147482693 -2147482694 -2147482695 -2147482696 -2147482697 -2147482698 -2147482699 -2147482700 -2147482701 -2147482702 -2147482703 -2147482704 -2147482705 -2147482706 -2147482707 -2147482708 -2147482709 -2147482710 -2147482711 -2147482712 -2147482713 -2147482714 -2147482715 -2147482716 -2147482717 -2147482718 -2147482719 -2147482720
30:1 -2147482721 -2147482722 -2147482723 -2147482724 -2147482725 -2147482726 -2147482727 -2147482728 -2147482729 -2147482730 -2147482731 -2147482732 -2147482733 -2147482734 -2147482735 -2147482736 -2147482737 -2147482738 -2147482739 -2147482740 -2147482741 -2147482742 -2147482743 -2147482744 -2147482745 -2147482746 -2147482747 -2147482748 -2147482749 -2147482750 -2147482751 -2147482752
31:1 -2147482753 -2147482754 -2147482755 -2147482756 -2147482757 -2147482758 -2147482759 -2147482760 -2147482761 -2147482762 -2147482763 -2147482764 -2147482765 -2147482766 -2147482767 -2147482768 -2147482769 -2147482770 -2147482771 -2147482772 -2147482773 -2147482774 -2147482775 -2147482776 -2147482777 -2147482778 -2147482779 -2147482780 -2147482781 -2147482782 -2147482783 -2147482784
32:1 -2147482785 -2147482786 -2147482787 -2147482788 -2147482789 -2147482790 -2147482791 -2147482792 -2147482793 -2147482794 -2147482795 -2147482796 -2147482797 -2147482798 -2147482799 -2147482800 -2147482801 -2147482802 -2147482803 -2147482804 -2147482805 -2147482806 -2147482807 -2147482808 -2147482809 -2147482810 -2147482811 -2147482812 -2147482813 -2147482814 -2147482815 -2147482816
33:1 -2147482817 -2147482818 -2147482819 -2147482820 -2147482821 -2147482822 -2147482823 -2147482824 -2147482825 -2147482826 -2147482827 -2147482828 -2147482829 -2147482830 -2147482831 -2147482832 -2147482833 -2147482834 -2147482835 -2147482836 -2147482837 -2147482838 -2147482839 -2147482840 -2147482841 -2147482842 -2147482843 -2147482844 -2147482845 -2147482846 -2147482847 -2147482848
34:1 -2147482849 -2147482850 -2147482851 -2147482852 -2147482853 -2147482854 -2147482855 -2147482856 -2147482857 -2147482858 -2147482859 -2147482860 -2147482861 -2147482862 -2147482863 -2147482864 -2147482865 -2147482866 -2147482867 -2147482868 -2147482869 -2147482870 -2147482871 -2147482872 -2147482873 -2147482874 -2147482875 -2147482876 -2147482877 -2147482878 -2147482879 -2147482880
35:1 -2147482881 -2147482882 -2147482883 -2147482884 -2147482885 -2147482886 -2147482887 -2147482888 -2147482889 -2147482890 -2147482891 -2147482892 -2147482893 -2147482894 -2147482895 -2147482896 -2147482897 -2147482898 -2147482899 -2147482900 -2147482901 -2147482902 -2147482903 -2147482904 -2147482905 -2147482906 -2147482907 -2147482908 -2147482909 -2147482910 -2147482911 -2147482912
36:1 -2147482913 -2147482914 -2147482915 -2147482916 -2147482917 -2147482918 -2147482919 -2147482920 -2147482921 -2147482922 -2147482923 -2147482924 -2147482925 -2147482926 -2147482927 -2147482928 -2147482929 -2147482930 -2147482931 -2147482932 -2147482933 -2147482934 -2147482935 -2147482936 -2147482937 -2147482938 -2147482939 -2147482940 -2147482941 -2147482942 -2147482943 -2147482944
37:1 -2147482945 -2147482946 -2147482947 -2147482948 -2147482949 -2147482950 -2147482951 -2147482952 -2147482953 -2147482954 -2147482955 -2147482956 -2147482957 -2147482958 -2147482959 -2147482960 -2147482961 -2147482962 -2147482963 -2147482964 -2147482965 -2147482966 -2147482967 -2147482968 -2147482969 -2147482970 -2147482971 -2147482972 -2147482973 -2147482974 -2147482975 -2147482976
38:1 -2147482977 -2147482978 -2147482979 -2147482980 -2147482981 -2147482982 -2147482983 -2147482984 -2147482985 -2147482986 -2147482987 -2147482988 -2147482989 -2147482990 -2147482991 -2147482992 -2147482993 -2147482994 -2147482995 -2147482996 -2147482997 -2147482998 -2147482999 -2147483000 -2147483001 -2147483002 -2147483003 -2147483004 -2147483005 -2147483006 -2147483007 -2147483008
39:1 -2147483041 -2147483042 -2147483043 -2147483044 -2147483045 -2147483046 -2147483047 -2147483048 -2147483049 -2147483050 -2147483051 -2147483052 -2147483053 -2147483054 -2147483055 -2147483056 -2147483057 -2147483058 -2147483059 -2147483060 -2147483061 -2147483062 -2147483063 -2147483064 -2147483065 -2147483066 -2147483067 -2147483068 -2147483069 -2147483070 -2147483071 -2147483072
40:1 -2147483617 -2147483618 -2147483619 -2147483620 -2147483621 -2147483622 -2147483623 -2147483624 -2147483625 -2147483626 -2147483627 -2147483628 -2147483629 -2147483630 -2147483631 -2147483632 -2147483633 -2147483634 -2147483635 -2147483636 -2147483637 -2147483638 -2147483639 -2147483640 -2147483641 -2147483642 -2147483643 -2147483644 -2147483645 -2147483646 -2147483647 -2147483648
41:1 -2 -2147482369 -2147482370 -2147482371 -2147482372 -2147482373 -2147482374 -2147482375 -2147482376 -2147482377 -2147482378 -2147482379 -2147482380 -2147482381 -2147482382 -2147482383 -2147482384 -2147482385 -2147482386 -2147482387 -2147482388 -2147482389 -2147482390 -2147482391 -2147482392 -2147482393 -2147482394 -2147482395 -2147482396 -2147482397 -2147482398 -2147482399 -2147482400
42:1 -2147483424 -2147483423 -2147483422 -2147483421 -2147483420 -2147483419 -2147483418 -2147483417 -2147483416 -2147483415 -2147483414 -2147483413 -2147483412 -2147483411 -2147483410 -2147483409 -2147483408 -2147483407 -2147483406 -2147483405 -2147483404 -2147483403 -2147483402 -2147483401 -2147483400 -2147483399 -2147483398 -2147483397 -2147483396 -2147483395 -2147483394 -2147483393 2147483629
43:1 2147483505
44:1 -2147483456 -2147483455 -2147483454 -2147483453 -2147483452 -2147483451 -2147483450 -2147483449 -2147483448 -2147483447 -2147483446 -2147483445 -2147483444 -2147483443 -2147483442 -2147483441 -2147483440 -2147483439 -2147483438 -2147483437 -2147483436 -2147483435 -2147483434 -2147483433 -2147483432 -2147483431 -2147483430 -2147483429 -2147483428 -2147483427 -2147483426 -2147483425 2147483633
45:1 3046
46:1 -2147483233 -2147483234 -2147483235 -2147483236 -2147483237 -2147483238 -2147483239 -2147483240 -2147483241 -2147483242 -2147483243 -2147483244 -2147483245 -2147483246 -2147483247 -2147483248 -2147483249 -2147483250 -2147483251 -2147483252 -2147483253 -2147483254 -2147483255 -2147483256 -2147483257 -2147483258 -2147483259 -2147483260 -2147483261 -2147483262 -2147483263 -2147483264 2147483625
47:1 2147483535
48:2 17324 17321 17495 17316 17314 17312 17309 17307 17305 17493 17492 17491 17490 17485
49:2 15952
50:2 17445
51:2 2437
52:2 19692
53:3 2147483521
54:3 10266 10265 10264
55:3 1848 670 669 667 666 665 664 663 1842 275 1837 274 268 265 1831 262 261 259 257 255 253 251 250 249 248 247 244 239 235
56:3 386
57:3 15827 15826 15825
58:3 9650 13971 10251
59:3 2876 2872 2851 422 421 420 419 418
60:3 17238 17237 17236 17235 17232 17230 17228 17227 17225 17223 17222 17220 17218 17217 17214
61:4 17343 17342 17341 17340 17339 17338 17337 17334 17509 17333 17332 17331 17154 17155 17157 17159 17160
62:4 325 324 321 319
63:4 2779
64:4 2806
65:4 12810
66:4 14407 14406 14405 14404
67:4 9608 9609 9610 9612 9613 9615 9616 9617 9618 9619 10233 10232 9621 10231 10230 10229 10291 9625 9627 9628 9639 9643 10219
68:4 12149 12150 12152 12153 12154 12155 10693 10694
69:4 4382 4379 4375 4376 4373
70:4 681 679 1857 677 676 675 674 673 398 704 708 712
71:4 4404 4403 5754 4401 4399 4397 4396 4393 4391 4386 4385 4384
72:4 9649 10506 10210 9645 10212 10213
73:4 15995 15994 15993 15992 15991
74:4 15996
75:5 16012 16013 16016 16017 16018 16353 15575 16309 15579 16559 15580
76:5 16321
77:5 12074 12077 12083 12084 12086 12920 12089 12090 12094 12095 12099 12100 12101 12102 12105 12106 12108 12109 12136 12137 12147
78:5 17165 5744 4616 4615 4629 4633 4634 4636 4638 4639 4640 4645
79:5 17302 17298 17297 17296 17293 17291 17290
80:5 16077 16076 16075 16074 16073 16072 16071 15833 16068 16062 16059 16057 16056 16055 16053
81:5 17101 17102 17103 17105 17108 17109 17110
82:5 10601 10603 10608 10613 10614 10615 10618 12885 10626 10627 10630 10632 10633 10634 10635 10636 12734 12735 12736 12737 12740 12741 12742 12743 12745 10641 10642 10643 10645 10646 10648
83:5 10695 12178 12934 12180
84:5 10263 9793 9791 9789 9788
85:5 3525 3521 3520 3519
86:5 15108 15106 15104 15103 15101 15100
87:5 17870 9203 9204 9205
88:5 6526 7198 7196 7194 7190 7187 7185 7183 7182 7181 7180 7178 7177 6393
89:5 394 391 390
90:5 14880 14879 14878 15864 14873 14872
91:6 4414
92:6 10881 10880 10878 10876 10875 10873 10869 10868 10866 10865 10864 10863 10862 10861 10860
93:6 14400 14389 14388 14677 14676 14675 14385 14384 14381 14369 14368 14364 14361 14357 14355 14344 14343 14341 14339 14331 14330 14329 14327 14323
94:6 18852 18851
95:6 4432
96:6 10801 10802 10803 10806 10808 10809 10811 10812 10813 10814 10815 10819 10820 10823 10824 10825 10826 10829 10830 10831 10832 10833 10835 10836 10837 10841 10843 10844 10845 10846 10848 10851 10854
97:6 13020 13029 13037 13042 13044 13045 13051 13052 13065 13072 13077 13078
98:6 7110 7111 7112 7113 7114 7115 7116 7117
99:6 1870 204 203 200 199 198 196 195 193 187
100:6 3516 3515 3514 3513 3512 3510 3508 3507 3504 3503 3501 3500 3499 3498 3497 3496 3494 3492 3491 3489 3488 3487 3481 3979
101:6 12732 12729
102:6 12512 12511 12508 12507 12503 12501 12500 12498 12497 12496 12494 12490 12489 12487 12486 12485 12484 12481 12477 12475 12474 12473 12472 12471 12469 12468 12457 12837 12455 12454 12453 12452 12451
103:6 7591 5881 5880 5878 7590 5874 5873 5872 5870 5866 5864 5862 8513 5859 5856
104:6 15997 15998 15999 16001 16002 16004 16007 16008 16009
105:6 10271
106:6 10167 14050 10168 9936 9933 9931 10315 9929 9928 10171 10172 10329 9920 9915 10502
107:6 12405 12401 12400 12397 12394 12391
108:6 5833 5831 5830 5828 5826 5825 5824 7586 5823 5822 5820 5819 5818 5817 5816 5815 5814 5813 5812 5811 5808 5806 5804 5803
109:6 15426 15509
110:6 5092 5417
111:6 8347 8348 8354 8030 7803 7794 7792 7791
112:6 14581
113:6 15988 15987 15986 15985 15984 15981 15977 15975 15974 15973 15972 15971 15970
114:6 7325 7326 7328
115:6 8832 17988 8836 8840 8841 8843 8844 8845 8848 8849
116:6 7597 7598
117:6 2413 2412
118:6 14816 14817 14820 14827 14829 14830 14831 14832 14833 14834 14835 14837 14841
119:6 10223 10222 13904 13905
120:6 14843 14844
121:6 6320 6321 7343 6934 7655 7654 7653 7652 6510 6508 6506 6935 6936 6941 6944 6947 6949 6950 6951 6952 6953 6954 6955 6957 6959 6960 6961 6962 6520 6964 6965 6969 6970 6971 6973 6974
122:6 17444
123:6 12008 11952 11884 11805
124:6 14870 14869 14868 14867 15968 14866 14864 14863 14862 14858 14846
125:6 6363
126:6 7583
127:6 15286 14739 15287 14743 14745 14747 14748 14749 14750 14751 14753
128:6 13855 9837
129:6 9787 9784 9779 9778 9777 9776 9767 9766 9765 9764 9762
130:6 17394 17393 17391 17390 17389 17388 17386 17385 17383 17145 17143 17203 17202 17201 19349 17199 17198 17197 17141 17140 17139 17137 17136 17135 17134 17131 17128 17126 17123 17447 19326 17456 17448
131:6 714 1873 1872
132:6 11229 11228 11227 11225
133:6 17111 17112 17113 17114 17117 17118 17460 17459 17458 17120 17457 17455 17454 17453 17452
134:6 9208 9210 9213 9216 9217 9222 10475 9230 9231
135:6 17414 17412 17100 17410 17407 17406 17405 17404
136:6 7010 6471 6469 6468 7350 6465 6464 6463 6462
137:6 12841
138:6 12946 12947 12950 12953 12960 12963 12965 12969 12973 12976
139:6 2537 2530 2524 2511 2485 2478 2476 7406 2469 2468 2463 2462 3975 2455 3974 18040
140:6 11096 12876 11099 11100 11103 11104 11106 11107 11108 11110 11111
141:6 221 220 219 218 217 214 212 211
142:6 7037 7040 7044 7049 7050 6538 7051 7053
143:6 14757 14758 14759 14761 14762 14763 14764 14767 14768 14769 14770 14771 14772 14773 14774
144:6 12536 12535 12534 12532 12531 12530 12529 12528 12527 12813 12524 19109 12522 12517
145:7 9357 9359 9360 10360 9363 9367 9368 9370 9373 9374 9376 10364 10366 10367 9377 9378 9380 9381 9382 9383 9384 9385 9390 9391 9392 9393 9395 9396 9397 9398 9404 9405 9406 9408 9412 9414 13825 9415 9416 9420 9421 9423 9425 9426 9428 9430 9431 9432 9433 9434 9435 9437 10244 10321 10243 10242 10241 10237 9439 9441 9443 9445 9449 9450 9451 9453 9454 9459 9461 9462 9463 9464 9466 9467 9468 9470 9471 9473 9475 9476 9477 9478 9479 9480 9482 9483 9484 9485 9508
146:7 16242 13089 13097 13102 13117 13118 13119 13120 14147 14142 14136 14133 13128 13131
147:7 13293 13297 13309 13310 13315 13316 13326 13327 13335 13336 13337 13341 13344 13349 13352 13361 13364 13369 13371 13375 13376 13381 13388 13392 13402 13415 13416 13508 13516 13517 13523 13524 14228 13530 13532 13533 13535 13536 13538 13539 13544 13545 13547 13549 13550 13552 13553 13554 13555 13558 13559 13560 13561 13564 13567 13570 13572 13587 13588 13591 13598 13599 13600 13605 13606 13607 13608 13609 13611 13617 13621 13622 13624 13627 13628 13633 13632 13636 13637 13638 13639 13640 13643 13645 13646 13647 13651 13653 13656 13657 13661 13664 13666 13668 13669
148:7 13672 13674 13675 13679 13682 13689 13691 13692 13693 13694 13695 13698 13706 13707 13708 13709 15353 13711 13714 13716 13717 13719 13720 13721 13722 13725 13731 13733 13745 13748 13749 13754 13756 13757 13759 13760 13761 13764
149:7 13767 13768 13769 13770 13774 13775 13777 13785 13792 13794 13795 13796 13797 13803
150:7 5662 5661 4119 4120 5653 5652 5651 5648 5647 5642 5641 4169 4170 4171 5628 5629 5633 5617 5615 5605 5598 5591 5579 5576 5778 5572 5565 5564 5563 5562 5561 5552 4149 4151 4152 4153 4154 4155 22513 5547 5545 5544 5543 5541 5536 5532 5530 5528 5526 5520 5518 5517 5509
151:7 2776 2767 2763 2762 2761 2758 2753 2752 2751 2749 2748 2746 2745 2742 2740 2739 2737 2736 2735 2734 2733 2731 2730 2729 2728 2727 2726 2725 2724 2721 2716 2715 2714 2713 2710 2708 2707 2704 2702 2701 2697 2695 2693 2692 2687 2686 2683 2679 2674 2678 2672 2671 2668 7392 2660 4019 2654 2653 2652 2651 2650 2648 2647 2646 2644 2643 2642 17617 2640 2636 2628 2626 2623 2622 2612 2611 2610 2606 2605 2604 2602 2588 2587 2571 2564 2558 2551
152:7 10148 10305 10146 10143 10142 10141 10140 10139 10138 10137 10134 10132 9795 9796 9798 9800 9801 9802 9803 9807 9810 9812 9814 9815 9816 9817 9819 9821 9822 9824 9825 9826 9829 9830 10049 10048 10046 10044 10042 10041 10040 10035 10034 10033 10031 10030 10286 10028 10027 10026 10023 10022 10020 10019 10015 10013 10011 10009 10008 10007 10006 10004 10003 9998 9997 9996 9993 9988 9987 9951 9950 9948 9986 9984 9983 9981 9978 9977 9976 9975 9974 9972 9971 9968 9967 9965 9964 9963 9962 9961 9960
153:7 9885 9886 9891 9892 10221 10220 9896 9898 9534 9538 9539 9540 9541 9542 9543 9546 10194 10197 10202 10203 9548 9550 9555
154:7 9575 9577 9580 10456 9581 9582 9583 9584 9586 9587 9588 9589 9590 9591 9592 10205 9595 10236 9596 9597 9603 9604 9605 10460 9606 9607
155:7 10214
156:7 10162 10161 10160 9957 10158
157:7 12977 12980 12984 12990 13009 13018
158:7 3160 3154 3152 3150 3149 3147 3143 3142 3141 3140 3139 3138 3135 3121 3120 3117 3116 3114 3110 3106 3105 3104 3103 3099 3098 3094 3093 3088 3086 3080 3079 3077
159:7 10903 10901 10900 10899 10898 10897 10896 10894 10893 10892 10890 10888 10887 10886 10885
160:7 12726 12725 12723 12720 12718 12714 12712 12711 12709 12708 12706 12704 12702 12700 12698 12696 12695 12694 12692 12689 12688 12687 12686 12685 12684 12682 12681 12680 12679 12678 12677 12676 12672 12669 12668 12824 12665 12664 12663
161:7 2438 4004
162:7 2434
163:7 604 603 602 600 598 597 596 587 584 578 1936 576 575
164:7 9760 9756 9755 9748 9745 9739 10191 10190 10189 10188 10186 10185 10184 9882 9866 9864 10128 10126 10124 10123 10122 10120 10116 10115 10113 10110 10109 10108 10106 10105 10103 9738 9736 9735 9733 9732 9730 9728 9727 9726 9724 9722 9720 9717 9715 9714 14077 10324 10323 9706 9705 9703 9700 9699 9698 9697 9696 9695 9693 9692 9691 9690 9689 9685 9684 9683 9682 9680 9679 9678 9677 9675 10432 9673 9672 10275 9670 9668 9667 9663 9661 9659 9658 9657 16458 9653 9651 10102 10101 10100 10098 10096 10090 10089 10088 10087 10084 10080 10076 10075 10073 10072 10071 10070 10069 10068 10066 10064 10063 10060 10059 10058 10057 10056 10055 10052 9945 9944 9942
165:7 570 567 564 563 562 561 560 556 553 549 548 547 408 409 542 541 538 537 534 533 531 530 528 527 284 286 287 288 289 290 291 292 296 297 301 306 309 310 313 314 315 316 317 318 525 523 522 1912 520 519 518 516 514 513 512 511 510 506 505 504 503 500 498 497 496 495 494 493 491 490 489 488 486 485 484 384 382 381 482 477 471 470 468 460 459 455 450 449 448 445 374 373 372 370 368 366 364 362 361 360 359 355 653 350
166:7 228 227 224 223 717 715
167:7 11692 11681 11680 11677 11668 11666 11663 11659 11658 11656 11654 11651 11649 11637 11636 11634 11627 11626 11624 11623 11616 11614 11613 11612 11611 11610 11580 11574 11566 11565 11561 11559 11557 12790 11555 11554 11546 11544 11542 11536 11531 11529 11522 11507 11508 11513 11516 11499 11496 11489 11488 11487 12747 11486 11483 11479 11462 10594 10587 10581 10571 10565 10562 10554 12780 10549 10544 10540 10538 10536 11457 11453 11449 11446 11437 11436 11432 12772 11434 11430 11429 11426 11424 11415 11413 11411 11404 11401 11395 11393 11392 11391 11390 11389 11386 11383 11382
168:7 210 4782 209 208 205
169:7 1847
170:7 1799 1778 1771 1769 4046 1761 1760 1759 1758 1750 1749 1748 1747 1744 1743 4044 1736 1735 1734 1733 17597 1732 1731 1730 1729 1727 1722 1721 1713 1711 1708 1707 1706 1705 1703 1700 1699 1697 1696 1695 1690 1687 1686 1685 1684 1681 1680 1678 1673 1668 1666 1665 1664 1660 1658 1657 1652 1647 1644 1642 1641 1638 1635 1634 1633 1632 1631 1630 1624 1623 1620 1618
171:7 1463 1455 1451 1449 1447 1446 1445 1443 1440 1437 1434 1428 1425 1422 1421 1415 4030 1414 1412 1411 1410 1409 1404 1402 1401 1398 1396 1395 1393
172:7 1124 1122 1120 1115 1114 1113 1112 1106 1105 1104 1102
173:7 1098 1097 1096 1095 1094 1092 1953 1085 1083 1081 1079 1078 1077 1073 1072 1071 1070 1069 1068 1067 1063 1061 1060 1056 1055 1053 1052 1049 1048 1044 1043 1042 1038 1966 1037 1034
174:7 1033 1032 1030 1029 1028 1027 1026 1025 1023 1022 1021 1020 1974 1977 1017 1978 1016 1015 1014 1981 1010 1006 1003 1000 999 998 996 994 993 991 990 989 987 986 984 1137 1138 1139 983 982 976 974 973 970 968 1999 966 963 961 960 958 957 954 2007 951 946 942 941 940 936 934 933 1145 926 928 929 930 925 924 923 2012 921 920 919 918 917 916 914 911 910 909 907 1149 903 901 900 1154 894 892 890 889 888 887 882 878 877 873 869 865 864 852 850 1168 845 841 838 835 833 832 829 828 822 820 1594 1595 1596 1598 1599 819 2057 1173 816 813 811 807 803 802 2065 791 789 1181 786 785 782 780 779 773 772 770 767 766 758 757 752 750 749 746 1193 744 742 741 740 735 730 728 727 2092 2100 2103 2104 2106 2107 2108 2111 2113 1590 1587 1581 2126 2127 1466 1468 1560 1487 1488 1490 1502 1504 1505
175:7 183 181 179 168
176:7 11273 11274 11278 11279 11284 11287 11285 11288 11289 11292 11293 11300 11302 11303 11304 11305 11306 11308 11309 11315 11316 11317 11319 11320 11325 11326 11329 11332 11335 11336 11337 11338 11339 11341 11342 11345 11347 11348 11349 11350 11351 11357 11361 11370 11372 11373
177:7 11241 11238 11236 11233
178:7 11221 11220
179:7 12067 12862 12066 12053 12052 12051 12050 12048 12037 12036 12035 12034 12033 12850 12030 12029 12027 12026 10597
180:7 12364 12361 12360 12359 12358 12357 12354 12352 12345 12344 12343 12342 12341 12336 12334 12333 12330 12329 12327 12325 12317 12316 10682 10680 10679 10678 10677 10675 12307 12306 12305 12928 12303 12302 12301 12300 12298 12297 12290 12286 12285 12284 12283 12282 12276 12275 12272 12271 12270 12269 12266 12263 12261 12260 12259 12256 12253 12252 12250 12249 12245 12243 12230 12228 12227 12223 12222 12220 12196
181:7 12406
182:7 12411 12412 12414 12415 12416 12417 12418 12419 12421 12422 12425 12427 12428 12430 12431 12432 12435 12437 12438 12440 12443 12444 12445
183:7 10794 10791 10788 10787 10786 10785 10784 10781 10780 10779 10778 10777 10775 10774 10769 10768 10766 10765 10762 10761 10759 10758 10757 12514
184:7 10855
185:7 10859 10858
186:7 416 2798
187:7 10949 10948 10939 10937 10935 10934 10932 10930 10929 10928 12831 10926 22949 10925 10923 10922 10921 10920 10919 10917 10916 10914 10906 10905 10904
188:7 10976 10978 10984 10985 10986 10987
189:7 10972 10973 10974
190:7 10999 10998 10997 10996 10995 10994 10993 10992
191:7 11114 11115 11117 11120 11121 11125 11130 11132 11138 11139 11140 11141 11143 11145 11146 11149 11151 11153 11155
192:7 11093 11092 11090 11088 11087 11086 12852 11085 11080 11076 11073 11070 11068 11067 11066 11065 11064 11063 11061 11060 11059 11058 11057 11056 11054 11052 12875 11047 11043 11042 11041 11040 11038 11034 11032 11031 11028 11025 11024 11023 11013 11009 11008 11007 12927 11005 11004 11002 11001 11000
193:7 11197 11196 11193 11191 11190 11189 11178 11177 11175 11173 11172 11167 11166 11163 11159 11158
194:7 12661 12660 12658 12657 12655 12653 12648 12649 12650 12642 12641 12640 12639 12637 12636 12633 12629 12625 12624 12623 12609 12610 12608 12615 12611 12606 12604 12603 12602 12599 12598 12596 12590 12585 12584 12583 12582 12581 12579 12576 12573 12572 12568 12567 12560 12552 12548
195:7 8097 8099 8101 8102 8103 8105 8106 8107 8109 8110 7898 7901 7905 7906 7907 7908 7909 7910 7912 7916 7917 7921 7922 7923 7927 7930 7931 7932 7933 7934 8785
196:7 6307 6306 6305 6304 6300 6298 6296 6295 7244 7667 7243 7241 7240 7238 7235
197:7 7162 7163 7167 7168 7174 6460 6457 6456 7651 6455 6451 7264 7266 7271 7273 7497 7275 7276 7278 7279 6196 6194 6193 6189 6188 7290 7292 7578 7294 7296 6182
198:7 7021 7024 7025 7027 7030 7031 7032 7517
199:7 14566 14565 14557 14556 14552 14550 14540 14539 14538 14532 14531 14518 14515 14510 14505 14503 14500 14499 14498 14497 14494 14492 14491 14490 14489 14486 14484 14482 15399 14471 14470 14468 14462 14461 14459 14456 14454 14453 14443 14442 14439 14437 14431 14430 14428 14427 14426 14420 14419 14417 14416 14412
200:7 14645
201:7 14318 14315 14313 14312 14310 14308 14303 14302 14300 14299
202:7 14289 14288 14286 14284 14281 14279 14273 14272 14266 14265 19067 14257 14256 14649 18840 14651 14654 14658 14664 14671 14673 14642 14640 14638 14637 14635 15564 18875 14624 14621 14620 14619 14618 14617 14616 14613 14612 14609 14608 14604 14599 14598 14595 14583
203:7 16561 16149 16146 16366 16143 16580 16579 15837 15839 15840 15841 15842 16230 15843 15844 15847 15848 15852 15853 15855 15856 15857 15859
204:7 14775 14776 14777 14780 14781 14782 14783 14784 14785 14786 14790 14794 14796 14798 14803 14805 14806 14807 14808 14854 15255 15256 15261 15263 14681 14684 14691 14692 14693 14696 15289 15290 15291 15292 14697 14698 14699 14700 14702 14703 15297 15296 16378 14708 14709 14711 14713 14714 14715 14716 14719 14720 14721 14722 14724 15269 15270 15272 15273 15274 15275 15276 15277 15278 15280 14729 14730 14732 14733 14737
205:7 15930 15931 15932 15933 15935 15936 15937 15938 16051 16050 16048 16047 16044 16043 16042 16041 16040 16039 16091 16090 16089 16085 16084 16083 16082 16081 16080 16079 16078 16038 16037 16036 16034 16033 16032 16030 16029 16028 16027 16026 16232 16024 16563 16022 16021 16020 15898 15899 15900 15901 15902 15905 16019
206:7 15908 16288 16106 16105 16304 15910 15911 15912 15913 15914 15917 15918 16102 16101 16100 16097 16096 16095 16094 15866 15867 15868 15869 15871 15872 15873 15874 15876 15877 15878 15741 15742 15743 15744 15745 15746 15747 15748 15750 15752 15753 15754 15756 15757 15758 15764
207:7 8853 8875 8877 8878 10406 8879 8880 8881 8882 8883 8884 8889 8891 10409 8893 8894 8895 8896 8897 8898 8900 8903 8904 8905 8906 8907 8908 8914 8915 10413 8923 8925 8926 8927 8929 8932 8933 8935 8936 10415 8937 8939 8940 8942 8950 8954 8955 8956 8957 8958 8959 8960 10423 8962 8963 8964 8968 8970 8974 8975 8976 8987 8988 8989 8990 8994 8995 8998 9001 9003 9004 9005 9007 9010 9012 9013 9017 9025 9026 9339 9337 9335 9334 9333 9332 9331 9035 9036 9039 9041 9356 9355 9354 9353 9351 9350 9043 9046 9053 9056 9059 9060 9063 9069 9070 9075 9076 9077 9079 9109 10344 9110 10345 9111 9169 9170 9171 9172 9175 9174 9176 9177 9179 9180 9181 9182 9186 9189 9192 10353 9193 9195 9196 9197 9207
208:7 16137 16135 16134 15817 15815 15813 15812 15811 15809 16281 15808 15806 15805 15804 15801 15800 15799 15798 15797 15796 15793 15790 15789 15788 15787 15786 15784 15783 15781 15780 15779 15777 15776 15775 15774 15773 15772 15771 15769 15768 16278 15766 15765 16276
209:7 9285 9298 9299 9324 10301 9321 9317 9310 9305
210:7 15590 15592 15593 15594 16351 15596 15597 15598 15599 15602 15603 15605 15606 15607 15610 15611 15612 15613 15616 15617 15618 15619 15620 16292 15622 15624 15626 15627 15633 15634 15635 15637 15639 15641 15642 15643 15644 15645 15646 15647 15648
211:7 15947 15951 15891 15890 15885 15884 16114 16116 16118 16119 16120 16154 15710 16153 16151 15707 15706 15701 16549 15699 15698 15696 15695 15692 15693 15691 16283 15689 15685 15683 15682 15681 15680 15679 15677 15675 15673 15671 15670 15667 15664 15663 15662 15661 15659 15657 15656 15655 15651 15650
212:7 4568 4566 4565 22560 4563 4561 4556 4550 5751 4547 4546 4539 4536 4534 4532 4527 4526 4524 4522 4521 4519 4518 4514 4507 4463 4461 4448 4445 4442 4437 4434
213:7 3027 4049 3021 3020 3019 3018 3007 3003 3001 2998 2997 2996 2994 2993 2992 2990 2988 2985 2984 2983 2982 3994 2975 2973 2970 2969 2968 2961 2960 2959 2956 2948 2949 2929 2931 2932 2933 2939 2940 2941 2921 2928 2919 2917 2882
214:7 9233 9236 9244 9249 9250 9254 9261 9262 10462 9265 9268 9270 9271 9272 9274 9301
215:7 19344
216:7 17449
217:7 17416
218:7 17563
219:7 4646 4596 4594 4593 4592 4591 4586 4585 4584 4582 4581 4579 4577 4575 4570
220:7 17071 17072 17074 17075 17076 17077 17078 17079 17080 17084 17085 17087 17090
221:7 17464 17465 17530 17176 17350 17351 17352 17354 17193 17355 17356 17357 17358 17190 17360 17359 17362 17363 17364 17194 19265 17186 17189 17196
222:7 17281
223:7 14927 15717 14924 14923 14922 14921 14920 15715 14917 14916 14912 14911 14910 14909 14906 14905 14902 14901 14900 14899 14898 14897 14896 14895 18234 18233 14892 14890 14887 14885 14884
224:7 17381 17380 17377 17374 17371 17511 17370 17369 17368 17367 17366 17365 16980 16981 16984 16988 16989 22037 16992 16993 16994 17000 17496 17006 17008 17010 17011 17012 17014 17016 17018 17019 17021 17022 17023 17026 17027 17029 17030 17031 17034 17035 17036 17037 17038 17502 17039 17040 17041 17042 17043 17044 17048 17052 17053 17055 17056 17061 17062 17063 17064 17067 17068 17470 17471 17473 17269 17268
225:7 4368 4364 4358 4353 4350 4346 4341 4330 4320 4318 4313 4309 4296 4288 4278 4277 4276 5739 4273 4271 4268 4266 4264 4263 4259 4255 4251 4237 4217
226:7 15127 15126 15124 15123 15122 15121 15119 15117 15113 15112
227:7 15099 15097 15093 15092 15091 15090 15089 15088 15087 15086 15085 15084 15082 15081 15080 15078 15077 15076 15073 15883
228:7 15961 15070 15067 15065 15063 15051 15049 15048 15047 15046 15956 15044 15042 15041 15040 15039 15038 19727 15035 15034 15033 15031 15028 15027 15025 15023 15022 15021 15018 15015 15014 15011 15010 15008 15007 15004 15003 15000 14998
229:7 14989
230:7 7567 7568 7569 7570 6228 6221 6220 6218 6217 6216 6215 6214 6212 6208 6207 6205 6201 6274 6273 6271 6268 6267 6266 6263 6261 6550 6551 6555 6556 6557 6558 6559 6560 6561 6562 6565 6566 6567 6570 6573 6576 7438 6578 7440 7441 6581 6582 6583 6584 6585 6586 6587 6588 6589 6591 6594 6595 6597 6601 6603 6605 6497 6498 6499 6501 6606 6607 6611 6612 6614 6615 6617 6618 6619 6620 6621 6622 6623 6624 6626 6627 6628 6629 6630 6631 7448 6633 6636 6641 6642 7452 6643 6645 6646 6647 6650 6651 6652 6655 6656 6658 6659 6660 6661 6663 6664 6666 6668 6669 6676 6678 6679 6681 6682 6683 6684 6690 6691 6692 6693 6694 6695 6697 6704 6705 6708 6709 6710 6711 6712 6713 6480 6478 6477 6476 6475 6474 6472 6714 6715 6717 6723 6724 6725 6726 6727 6728 6729 6731 6732 6735 6737 6738 6739 6740 6741 6481 6482 7467 6746 6750 6768 6770 6772 6779 6786 6789 6790 6791 6807 6808 6815
231:7 17424 17423 17422 17421 17420 17419 19346 17417 17210 17208 17206 17205 17398 17146 17147 17148 17396
232:7 16346 15245 15238 15237 15228 15227 15226 16196 15225 15224 15223 15222 15220 15218 15217 15215 15211 15210 15208 15206 15204 15203 15202 16189 15199 15198 15196 15195 15194 15193 15191 15189 15188 15187 15185 15184 15183 15180 15179 15178 15177 15176 15167 15165 15163 15161 15158 15151 15150 15149 15143 15142 15141 15139 15137 15136 15135 15134 15133 15132 15131 15129
233:7 7727 8113 8114 8296 8117 8118 8119 8299 8122 10519 8124 8125 8126 8127 8128 8130 8132 8133 8134 8135 8136 8137 8140 8141 8142
234:7 7790 8369 8033 8034 8036 8037 8038 8039 8040 8041 8043 8045 8049 8051 8052 8054 8055 8056 8058 8059 8060 8061 8379 8065 8066 8068 8069 8070 8073 8075 8077 8078 7779 7778 7777 7775 7786
235:7 3344 3342 3340 3339 3337 3336 3334 3333 3332 3331 3330 3325 3324 3314 3313 3312 3311 3305 3304 3301 3299 3297 3294 3290 3286 3285 3284 3283 3282 3281 3278 3275 3274 3272 3271 3267 3266 3265 3263 3260 18885 3259 3258 3256
236:7 3390 3386 3385 3384 3383 3382 3381 3380 3379 4002 3375 3373 3372 4053 3367 3366 3365 3364 3363 3362 3361 3352 3353 3354 3356 3358 3359 3360 3349
237:7 3477 3473 3470 3469 3468 3467 3466 3465 3463 3462 3461 3459 3458 3456 4056 3439 3444 3446 3449 3453 3430 3427 3426 3425 3424 3977 3422 3421 3420 3419 3408 4058 3413 3415 3401 3399 3398 3395 3392
238:7 3517
239:7 6344 6343 6342 6394 6397 6335 6403 6404 6405 6406 7572
240:7 3545 3544 4055 3543 3537 3536 17637 3535
241:7 6349 7634 6357 6358 6359 6360 6361 7635
242:7 7636 7637 6364
243:7 3653 3651 3650 3649 3647 3646 3645 3644 4050 3642 3641 3640 3634 3633 3632 3630 3629 3628 3622 3619 3617 3615 3612 3610 3609 3607 3603 3600 3599 3595 3594 3593 3591 3590 3589 3586 3583 3581 3579 3576 3575 3574 3571 17630 3565 3563 3561 3560 3554 3552 3551 3547
244:7 17832 17831 17827 17826 17825 17824 17821 17820 17819 17818 17816 17815 17813 17810 17809 17806 17803 17801 17799 18797 23480 17794 17792 17791 17790 17787 17786 17785 17781 17780 17777 17776 17774 17772
245:7 6978 6980 6982 6983 6985 6986 6988 6989 6990 6991 6992 6995 6996 6997 7563 7000
246:7 3175 3176 3177 3179 3181 3197 3204 3206 3207 3208 3209 3214 4059 3068 3069 3073
247:7 6319 6314 7540 6932 6931 6312 6930 6929 6928 6927 6311 6310 6309 7313 7311 7310 7308 7306 7305 7304 7303
248:7 6032 6031 6030 6029 6025 6024 6022 6021 6020 6018 6017 6013 6009 6008 6005 6004 6003 6002 6001 6000 5998 5997 5996 5995 5994 5993 5992 7227 7230 7231 7233
249:7 4135 4865 4864 4867 4870 4872 4873 4877 4878 4879 4881 4882 4883 4887 4889 4897 4902 4904 4906 4908 4909 4910 4915 4916 4917 4918 4919 4921 4922 4923 4926 22626 4933 4934 4935 4938 4939 4950 4951 4953 4954 5696
250:7 18531 18521 18520 18518 18511 18510 18509 18506 18505 18503 18499 18498 18496 18495 18473 18801 18479 18482 18483 18488 18489 18490 18472 18471 18470 18468 18467 18466 18465 18464 18463 18461 18460 18459 18456 18455 18454 18453 18451 18449 18790 18448 18446 18445 18444 18442 18441 18440 18439 18438 18437 18436 18429 18426 18425 18423 18419 18418 18412 18787 18409 18404 18403 18402 18398 18397 18396 18394 18392 18388 18386 18385 18384 18382 18381 18380 18379 18377 18376 18375 18369 18367 18366 18365 18363 18361 18359 18357 18352 18350 18349 18347 18345 18343 18338 18336 18335 18333 18330 18325 18324 18323
251:7 7339 7340 7341 6169 6817 6819 6822 6823 6824 6825 6827 6828 6829 6830 6833 6835 6836 6838 6839 6840 6841 6842 6845 6846 6847 6848 6849 6850 6851 6854 6856 6857 7505 6858 6859 6860 6861 6868 6869 6871 6873 6874 6875 6876 6291 7657 6290 6288 6287 6285 6276 6275 6878 6880 6881 6882 6886 6890 6891 6892 6894 6896 6897 6898 6900 6903 6904 8022 6905 6906 6908 6909 6910 6911 6512 6511 6913 6914 7511 6915 6916 6918 6919 6920 6921 7514 6922 6923 6924 6925 6926
252:7 7658 6440 6441 6444 6445 6447 6448 6449 7331
253:7 6437
254:7 5923 5922 5921 5920 5919 5918 5917 5915 5914 5912 5908 5906 5905 5904 5903 5902 5900 5899 5898 5896 5895 5894 5889 5888 5886 5885
255:7 7006 7009
256:7 7080
257:7 7081 7082 7083 7086 7087 7088 7089 7090 7091 7092 7094 7095 7096 7099 7100 7101 7103 7104 7108
258:7 5855 5854 5853 5852 5851 5850 5847 7588 5843 5841
259:7 5801 5799 5797 5796 5793
260:7 7118 7119 7120 7121 7122 7124 7125 7128 7129 7130 7131 7134 7135 7139 7140 7141 7142 7143 7144 7145 6141 6140 6139 6138 6137 6136 6135 6134 6133 6130 6129 6128 6127 6126 6124 7611 6123 6121 7333 7334 7335 6524
261:8 3173 3172 3171 3170 3168
262:8 18691 3216 3219 3224 3227 3228 3230 3231 3235 3241 3243 3244 3246 3997 3248 3249 3250 3252 3253 3254 3255
263:8 14928 14931 14934 14935 14936 14951 14952 14953 14955 14956 14975 18727 14979 14982 14983 14985
264:8 389
265:8 14738 15305 15304 15302 15301 15828
266:8 3533 3532 3528 3527 3526
267:8 7963 7964 8264 7968 8266 7970 7971 7975 7976 7978 7990 7991 7992 7993 7995 7999 8001 8004 8005 8014 8015 8017
268:8 7297 7300 7648 6180 6178 6174 6173 6172 6171 7354 7351 6109 7321 7323 7324 6103 6102 6099 6098 6096 6094 6092 7606 7605 6084 6085 7245 7246 7248 7249 6546 6490 6493 6495 7256 7258 7260 6253 6252 6245 6234 6235 7880 6231 7014 7016 7018
269:8 12388 12385 12384 12382 12380 12379 12378 12376 12373 12371 12370 12369 12368 12365
270:8 7234
271:8 4415 4422 4424
272:8 7005
273:8 6346
274:8 7725 7724
275:8 2790
276:8 10988
277:8 13149 13150 13152 13154 13156 13158 13160 13162 13163 13166 13171 13172 13173 13174 13175 13176 13179 14204 13186 13189 13193 13195 13196 13201 13202 13203 13204 13206 13208 13210 13220 13221 13223 13237 13238 13241 13242 13243 13255 13258 13263 13265 13267 13270 13272 13273 13276 13277 13278
278:8 17267 17266 17265 17264 17261 17260 17258 17504 17257 17256 17253 17252 17251 17250 17248 17247
279:8 17213
280:8 8190
281:8 11095
282:8 7721 7719
283:8 17099
284:8 11267 11266 11264 11262 11258 11257 11255 11254 11253 11245
285:8 6345
286:8 11218 11216 11213 11210
287:9 7946 7948 7951 7952 7954 7956 7957 7959 7960
288:9 11209
289:9 4086 4197
290:9 17092 19260 17094 17095 17096 17097 17098
291:9 17245 17243 17242
292:9 10968 10967 10965 10964 10963 10961 10959
293:9 14997
294:9 10957
295:9 15582
296:9 16011
297:9 4430
298:10 6420 6419 6417 6416 6415 6414
299:10 17344 17425
300:10 3161
301:11 3076
302:12 8333
303:12 7316
304:12 7781
305:12 6421
